82
17
45
83
44
5
68
43
45
69
26
25
62
11
65
47
11
54
17
72
37
13
24
23
23
69
36
8
24
69
24
66
23
2
39
70
81
30
26
20
49
89
89
74
93
30
80
16
43
79
23
66
86
13
31
46
5
29
67
77
86
11
53
8
74
51
4
39
58
45
50
27
94
58
62
5
7
30
12
33
70
62
24
25
39
58
25
26
67
26
13
32
28
46
12
28
92
65
14
3
62
86
97
11
62
84
70
36
18
18
6
74
38
13
90
55
26
91
85
61
7
92
63
73
20
12
61
26
9
51
84
33
20
25
62
41
52
94
27
55
90
42
66
89
38
17
74
55
3
96
61
55
57
76
11
9
74
5
58
62
10
2
94
96
6
74
98
97
9
52
63
28
16
63
46
73
1
83
79
24
2
75
11
61
14
54
74
24
17
67
36
58
89
45
30
96
78
27
36
35
27
88
35
91
87
14
11
70
19
46
15
29
99
12
4
25
33
75
11
3
95
32
22
58
63
1
53
96
96
35
13
33
94
56
92
88
23
26
60
68
57
82
49
73
69
81
3
51
25
70
97
40
54
63
84
92
71
10
37
21
64
17
83
49
84
81
8
54
51
83
90
10
55
78
98
58
95
72
75
63
72
94
33
94
94
57
83
79
5
64
70
100
82
72
56
85
12
8
15
36
60
91
35
99
78
76
91
44
37
24
97
36
29
14
5
46
32
69
38
88
75
65
28
75
6
36
41
76
57
33
96
16
99
33
82
19
47
31
86
29
58
50
32
13
45
8
27
28
56
10
66
42
20
64
100
29
62
24
66
64
37
21
91
33
88
30
97
95
77
65
3
82
95
30
25
79
81
90
9
8
27
46
55
43
4
92
96
45
36
93
68
25
33
74
72
54
34
1
78
13
55
22
79
46
1
51
96
5
32
9
73
71
29
94
92
2
4
24
88
26
22
93
91
11
87
41
69
46
73
90
21
27
1
66
80
89
22
12
56
41
45
71
27
65
64
9
77
89
24
96
73
32
10
69
49
83
67
15
58
12
1
3
60
57
90
42
82
51
89
61
30
73
10
26
17
10
22
25
93
88
48
25
2
14
27
53
76
86
5
53
9
36
88
21
74
41
72
65
68
50