34
66
73
55
96
7
80
89
99
14
20
80
48
43
65
87
19
8
5
83
14
48
7
33
53
22
48
66
99
13
20
96
29
98
96
54
49
50
39
98
34
23
52
40
90
95
47
76
56
61
97
99
59
45
79
38
2
63
37
50
98
57
28
38
78
82
43
54
2
77
62
38
57
43
71
4
60
68
29
24
89
50
71
44
9
64
88
85
13
80
36
46
48
66
10
25
18
63
79
87
11
41
4
26
100
81
19
19
13
81
1
71
40
71
45
100
25
34
56
62
25
40
57
62
73
71
67
6
75
81
26
88
52
70
18
78
25
21
71
20
65
33
45
39
38
100
2
27
1
5
76
64
58
55
7
21
60
84
28
66
100
14
21
87
80
66
37
46
42
8
83
66
94
98
44
63
83
22
63
39
48
26
61
38
90
52
83
69
51
48
20
50
19
5
85
9
27
49
77
58
44
24
33
18
11
57
10
7
21
92
5
86
41
94
22
50
99
52
77
32
63
63
2
3
19
75
64
58
19
37
20
85
23
6
97
80
43
20
9
63
7
37
56
14
88
73
18
3
54
67
78
56
74
70
87
43
27
89
4
13
74
13
40
95
90
88
85
56
84
51
67
78
41
46
58
15
32
70
30
98
44
44
35
1
95
88
66
74
8
32
46
40
24
30
84
82
20
74
86
85
84
30
95
70
63
72
65
91
10
55
52
61
9
36
17
90
96
9
41
94
68
85
62
21
44
57
30
15
96
22
83
50
21
10
26
79
24
51
71
25
9
26
45
10
65
23
42
36
52
60
19
67
82
100
91
28
2
69
26
73
89
67
89
63
52
28
19
69
18
21
75
40
47
36
73
94
78
73
44
83
59
4
1
30
42
42
74
19
7
28
3
23
78
47
48
34
16
36
54
53
58
72
22
38
7
45
81
92
96
85
68
72
88
34
15
7
9
61
44
15
89
80
53
14
4
71
48
1
48
58
54
77
65
91
7
70
81
85
6
16
5
67
95
64
50
38
37
32
75
98
89
40
88
93
57
91
71
93
45
63
34
97
3
53
10
75
17
20
30
53
61
16
36
88
14
69
76
29
84
68
17
70
55
47
12
68
18
67
48
39
89
16
35
88
9
33
98
47
34
85
52
22
28
46
54
78
37
81
63
47
42
45
17
2
13
57
32
11
66
67
17
89
51
80
80
41
90
96
84
84
73
27
75
75
66
65
86
78
27
99
60
80
50
28
76
29
99
13
81
90
61
45
61
38
84
91
34
53
13
98
96
96
39
19
90
82
43
51
63
19
67
26
78
20
35
59
49
34
20
69
5
48
59
78
65
71
22
22
86
56
87
91
8
75
9
77
94
69
67
8
10
91
41
80
7
9
31
65
72
97
90
91
64
47
2
80
76
59
51
19
5
6
50
71
99
98
27
67
25
28
64
49
8
9
19
15
4
81
87
68
40
50
96
92
94
22
62
99
43
76
66
48
70
82
63
31
56
62
2
86
42
15
83
91
98
3
14
72
64
16
25
94
55
35
78
97
5
22
43
76
44
40
5
1
12
56
56
38
93
91
93
79
13
31
66
65
76
46
77
78
69
82
93
86
95
82
62
68
48
30
91
34
55
95
10
34
58
22
4
53
53
46
48
76
23
96
80
57
35
68
48
36
8
71
35
27
89
14
83
39
5
46
50
35
27
26
56
71
32
37
48
92
11
6
64
51
93
79
49
47
68
94
19
16
55
27
34
53
67
90
31
78
80
52
93
93
23
86
80
33
57
48
33
16
78
84
94
35
67
22
29
6
96
90
12
13
24
25
67
61
60
37
56
96
59
89
78
69
83
89
77
94
91
20
56
84
91
42
66
48
7
2
37
91
54
79
10
96
89
91
42
35
60
70
13
57
93
94
53
2
46
28
16
89
87
4
57
3
12
28
13
75
15
7
64
92
10
76
75
99
46
13
36
83
46
27
52
4
75
39
44
74
65
60
7
81
63
37
95
45
26
79
62
56
9
46
7
34
94
61
16
45
82
79
1
71
93
26
52
82
5
56
61
47
10
57
31
24
37
67
2
100
35
35
76
8
7
55
18
65
54
70
94
42
21
86
51
36
49
40
25
10
40
22
53
43
72
91
89
81
78
91
71
66
48
48
70
43
45
96
54
63
71
37
84
18
98
4
63
12
4
75
21
54
60
42
80
24
67
17
93
59
56
30
33
57
23
93
29
31
28
5
29
100
81
27
14
95
84
51
17
31
75
68
71
6
47
72
93
53