53
71
20
94
67
79
81
22
12
11
25
98
99
83
55
21
27
7
22
27
62
46
18
20
94
29
74
26
26
21
54
56
48
49
41
81
38
35
62
93
6
92
88
68
9
39
11
8
44
25
71
47
73
73
31
65
32
39
70
99
75
65
50
19
85
88
22
85
73
74
25
42
94
31
47
49
69
92
24
62
80
1
88
56
45
50
27
81
22
25
93
65
13
2
73
9
26
46
13
34
47
41
3
13
44
51
4
50
90
22
58
96
12
4
98
98
70
46
36
39
66
97
18
33
78
36
54
69
40
2
37
12
67
39
4
56
82
84
64
8
18
58
38
8
75
53
66
89
26
98
72
26
17
96
59
27
2
41
76
4
56
79
95
44
1
63
43
58
83
21
6
84
25
37
89
12
84
81
3
50
72
26
21
16
28
98
43
30
49
57
65
69
35
97
30
89
72
77
65
57
24
50
5
13
94
46
19
100
49
24
61
20
47
34
24
52
97
29
92
38
67
66
6
39
69
35
38
21
92
64
8
97
64
11
36
41
20
48
32
53
57
56
98
50
47
100
98
24
78
42
84
75
20
3
52
5
88
61
39
33
67
42
1
73
36
59
30
89
27
7
26
84
27
93
27
55
43
55
32
81
17
44
71
65
93
1
51
69
11
25
39
10
78
9
66
82
59
36
49
18
45
6
38
53
26
19
74
61
4
95
20
28
65
22
56
86
49
20
97
98
28
7
46
35
50
98
28
14
84
45
46
13
12
62
79
39
26
27
25
3
30
38
19
63
21
27
25
66
99
69
15
100
40
55
79
94
32
54
94
88
98
21
61
70
57
18
9
25
1
47
61
99
7
59
18
38
52
9
19
66
99
30
11
21
22
64
46
95
66
52
97
24
29
2
26
18
27
24
19
59
30
74
65
72
4
12
2
9
41
28
80
77
70
34
95
34
39
65
12
29
20
88
95
62
48
34
88
83
18
67
55
25
77
23
41
12
93
21
22
10
24
84
24
13
4
61
42
72
23
22
11
62
50
60
57
43
29
11
83
56
84
72
15
36
54
58
46
82
3
49
12
93
62
84
67
100
90
18
35
52
100
87
37
42
15
85
14
70
4
34
84
24
37
90
8
85
20
66
33
6
48
86
37
63
24
6
38
77
92
97
80
58
66
26
90
6
89
9
65
19
77
34
77
60
48
38
95
72
2
36
14
17
3
84
32
31
31
39
50
36
51
84
33
40
63
6
76
47
7
57
13
33
44
85
17
16
24
19
52
86
53
94
18
36
72
11
80
72
57
50
34
16
15
44
22
17
31
68
88
22
85
1
90
76
48
28
28
46
90
43
14
66
9
61
80
96
56
42
52
17
57
70
69
7
32
70
78
93
35
28
40
50
60
92
55
8
65
80
61
38
75
37
62
91
80
30
54
11
41
5
73
81
15
17
67
21
46
20
43
100
84
75
53
24
100
36
50
84
81
3
7
58
3
24
38
100
27
51
75
62
89
40
95
33
89
39
42
97
47
68
100
82
82
7
80
26
99
78
70
27
11
42
14
93
72
7
47
87
72
62
33
24
88
14
13
83
37
71
91
84
48
22
43
64
3
88
23
44
4
8
11
79
55
88
29
21
100
51
60
6
14
1
18
1
65
24
27
73
60
52
54
95
76
57
86
65
54
59
24
87
12
7
80
83
80
78
84
43
98
86
1
16
24
96
34
11
92
9
76
6
19
68
46
18
42
32
20
61
14
11
51
37
81
6
57
79
94
56
79
90
58
63
81
44
77
91
57
34
16
76
59
34
76
56
97
95
95
85
67
52
18
34
15
68
19
99
43
11
18
14
66
51
43
49
65
10
74
8
47
27
29
22
82
99
32
83
65
49
14
100
72
3
31
58
40
73
10
37
23
5
45
86
67
66
93
85
15
2
68
64
69
75
21
8
87
76
99
87
87
43
48
100
93
31
33
87
55
34
73
98
34
41
49
6
50
41
46
78
30
7
10
76
62
91
36
29
57
87
98
30
76
91
38
30
32
68
45
90
70
27
46
64
34
90
45
86
78
84
68
92
14
61
81
92
14
69
32
74
42
82
85
35
57
35
95
86
66
83
72
14
98
81
69
80
23
33
60
80
65
34
27
68
64
39
87
94
54
84
93
73
70
79
35
90
88
15
94
28
27
12
85
80
62
4
100
15
85
47
2
95
95
54
13
7
10
48
36
11
95
69
3
41
74
77
66
49
38
24
15
41
97
44
34
13
78
84
67
57
55
16
81
84
97
86
85
81
72
21
45
38
34
74
69
78
90
36
32
12
42
91
55
76
21
36
95
9
59
50
25
5
84
5
78
39
93
38
28
1
52
51
57
67
72
22
10
73
29
53
53
79
1
79
57
13
45
32
8
58
59
42
12
85
83
96
93
24
52
31
87
3
89
33
17
5
80
60
76
26
53
48
11
60
6
27
30
14
25
87
46
32
22
76
50
44
63
33
87
73
90
68
87
39
69
15
94
24
83
23
19
98
6
47
47
45
85
20
79
4
68
82
40
22
92
62
55
100
35
90
100
19
31
25
67
73
47
12
3
44
63
42
61
55
51
34
79
84
17
26
34
81
66
92
73
50
43
58
5
16
1
86
7
33
90
19
46
24
63
46
57
81
3
10
39
85
6
13
10
33
17
92
91
85
26
55
3
1
38
33
34
25
60
19
10
7
39
21
63
53
62
84
53
92
25
71
47
43
46
85
30
11
96
37
23
56
35
57
45
87
48
42
16
29
14
54
79
26
29
22
63
64
82
84
85
63
96
75
32
24
31
30
11
63
8
60
68
71
85
71
68
75
93
95
56
6
83
33
52
3
37
76
10
55
88
18
9
5
66
85
96
3
48
100
15
26
26
37
83
24
90
51
21
16
6
96
85
83
78
44
88
46
52
1
83
68
12
16
100
7
40
39
13
77
1
1
47
93
4
44
10
29
88
68
31
54
6
67
98
30
71
85
17
81
59
48
30
75
31
84
1
10
27
57
86
31
9
29
15
59
56
80
70
98
81
18
35
17
87
8
73
97
81
58
82
51
57
62
17
66
81
40
96
73
19
21
5
28
57
53
69
39
76
3
82
84
15
33
16
91
21
11
33
9
45
99
62
56
70
49
89
74
82
31
98
37
71
95
80
51
17
11
47
23
69
18
20
91
83
69
62
87
10
98
28
64
81
64
20
31
62
74
96
89
96
75
8
16
24
14
20
62
1
96
31
30
62
2
20
50
86
57
35
76
31
56
24
72
5
34
6
65
51
48
3
27
42
66
51
36
38
29
93
88
98
49
3
21
75
96
91
21
71
27
61
46
90
26
34
41
77
79
97
89
25
66
29
72
29
84
9
17
93
13
79
61
55
98
55
39
33
47
23
78
16
4
15
34
20
95
16
32
93
50
53
2
92
99
37
18
9
78
31
18
72
80
2
38
21
75
79
90
71
94
31
25
1
68
89
98
95
89
94
34
12
17
41
84
67
36
17
70
66
100
16
40
57
68
34
64
63
52
54
75
27
53
28
89
45
20
84
100
52
55
27
47
90
41
5
12
42
25
61
29
26
67
80
7
6
55
3
67
13
83
30
85
90
3
94
21
6
63
36
15
24
87
95
41
21
99
55
1
4
24
59
91
5
85
3
96
39
57
21
15
45
94
97
35
80
90
10
76
27
69
27
91
42
67
63
97
79
31
50
49
23
39
14
72
51
97
38
83
91
60
39
89
16
13
43
29
71
46
100
9
81
31
47
74
93
22
82
72
89
78
22
93
46
91
29
5
44
62
29
2
40
72
46
27
11
83
23
30
37
77
65
86
77
47
63
10
60
19
28
44
87
61
6
60
64
41
54
76
55
4
52
9
1
73
3
47
82
61
84
77
59
50
57
93
62
13
94
13
18
64
62
53
63
65
32
57
82
63
8
27
70
89
29
60
13
87
4
3
46
59
61
59
38
13
37
66
8
73
85
9
55
2
54
33
18
95
83
13
77
40
89
36
96
31
56
62
99
1
18
57
99
58
40
62
77
60
66
87
98
47
17
52
43
10
19
8
36
9
34
62
19
73
48
73
8
41
97
73
64
5
27
94
22
18
56
32
35
36
68
55
92
61
15
25
13
53
90
99
24
39
8
76
40
80
81
86
53
77
39
63
8
19
5
65
5
31
50
15
46
58
42
51
75
58
44
78
69
63
46
77
9
49
77
39
97
5
49
26
93
52
50
91
30
76
15
18
64
29
36
54
23
9
40
12
39
98
46
93
82
8
93
85
49
72
27
71
97
67
39
35
49
88
3
40
72
58
65
92
21
36
25
12
35
19
43
68
87
43
54
88
72
82
31
18
6
70
36
5
38
29
91
17
65
21
19
4
38
35
18
38
100
20
7
92
99
78
30
57
96
62
12
99
92
78
88
19
76
45
79
17
12
71
71
12
11
14
95
54
97
34
30
42
96
48
31
84
1
56
72
67
61
56
81
24
14
71
78
93
52
22
16
57
39
38
14
10
16
48
43
7
89
74
46
17
82
21
75
77
11
40
16
6
1
9
15
53
47
45
96
16
27
57
48
92
18
35
89
59
42
47
19
58
85
44
52
41
33
93
74
78
6
95
83
54
26
77
93
65
49
73
73
95
30
22
25
50
73
53
29
88
14
54
14
76
75
13
6
86
76
40
93
80
60
57
71
31
37
31
11
48
73
43
71
16
36
49
44
92
34
67
83
32
42
15
85
23
92
25
62
87
17
15
95
64
57
71
62
61
4
17
32
52
91
71
73
48
64
52
27
14
59
100
96
32
80
11
74
70
71
95
30
2
14
46
41
8
94
44
60
64
39
92
86
72
48
30
34
82
57
42
57
10
71
74
3
44
60
29
90
6
49
16
16
85
23
22
61
72
27
48
18
13
59
61
99
63
21
33
94
97
26
31
4
18
77
61
26
97
67
89
23
2
33
5
80
36
41
73
5
14
3
6
54
79
56
67
73
59
20
35
87
22
65
82
67
44
11
51
82
55
64
32
9
3
17
23
54
22
13
37
93
50
59
81
19
15
6
24
74
31
26
94
18
37
55
83
60
78
54
64
86
25
11
53
28
72
48
80
87
56
94
49
92
4
76
89
17
19
72
54
4
66
85
51
24
25
99
54
82
14
91
67
67
93
18
60
27
77
52
20
66
34
79
41
32
62
12
25
27
6
34
4
95
71
10
77
72
55
64
21
23
64
86
52
77
22
21
2
59
30
60
2
20
11
57
45
80
26
3
20
77
17
83
77
33
70
58
43
79
96
71
37
26
34
51
61
76
80
64
100
15
54
92
32
55
50
84
32
85
41
84
91
5
55
52
10
23
58
95
77
18
11
25
72
54
29
19
35
51
67
12
98
57
8
57
91
94
68
50
67
31
14
81
12
99
2
17
7
22
80
68
15
95
81
69
10
92
38
9
87
86
41
76
74
44
16
66
100
37
89
6
58
87
41
35
63
98
94
78
67
71
10
23
23
62
75
95
43
68
27
52
14
34
10
67
15
34
62
90
37
67
78
85
6
25
60
48
57
4
14
3
31
96
27
21
89
80
43
27
6
78
23
89
69
47
16
30
52
14
26
78
37
24
23
56
14
43
16
46
37
8
18
47
94
67
92
10
60
88
42
38
78
79
52
95
56
2
32
11
100
57
33
72
72
38
68
43
66
12
66
79
100
65
4
68
60
98
22
97
56
45
98
50
95
43
60
83
59
25
78
6
52
59
36
96
92
38
69
69
83
41
38
100
94
43
99
78
85
30
47
33
64
23
31
30
39
94
74
8
91
29
40
11
60
62
89
64
90
1
50
51
31
37
65
72
35
25
76
11
26
93
32
94
31
12
85
11
7
44
36
16
77
27
80
69
15
22
9
61
48
17
34
11
16
1
3
95
7
2
31
97
45
35
35
56
31
45
100
26
42
85
13
8
10
13
98
10
59
81
59
85
32
48
7
6
43
4
25
49
61
99
38
54
45
75
32
99
75
40
23
21
8
76
35
36
67
31
14
57
47
34
42
36
78
37
76
4
93
42
82
77
92
72
45
26
36
34
69
32
59
96
32
61
28
79
95
36
30
84
2
17
67
79
98
44
58
32
47
75
7
36
56
83
75
45
46
55
43
77
98
58
96
54
94
17
58
2
99
5
78
45
28
45
75
25
3
43
100
27
54
89
46
30
59
73
58
51
13
49
53
90
59
44
70
31
69
66
54
78
42
57
22
35
3
52
73
9
98
100
9
55
18
91
81
33
60
83
14
17
11
13
89
10
71
6
81
80
99
4
70
21
74
95
87
72
98
21
39
77
46
100
11
96
18
56
5
67
56
90
91
59
83
36
35
32
84
11
47
64
25
88
76
66
25
95
69
85
58
23
28
38
60
52
19
24
6
49
51
51
57
35
76
45
7
95
6
83
83
13
13
84
66
59
96
78
23
17
63
44
73
22
5
43
90
13
65
70
41
48
92
67
87
74
76
21
52
38
38
18
78
80
32
45
65
35
38
14
41
99
15
14
24
8
91
44
7
88
55
14
76
66
95
99
1
38
15
2
96
65
5
24
23
82
41
31
14
10
65
15
87
96
89
60
75
27
78
31
91
99
85
39
19
88
78
59
71
78
30
41
86
35
14
89
30
20
81
57
72
83
92
31
33
24
32
8
42
15
86
52
38
29
82
31
49
6
36
25
28
15
23
48
60
27
50
72
75
39
87
18
6
8
5
95
58
38
66
19
9
34
29
24
19
85
93
96
56
24
63
23
58
85
13
52
65
98
44
10
92
61
21
87
80
21
6
30
27
78
46
53
33
84
69
49
57
31
23
92
12
96
5
11
66
49
27
53
72
76
65
88
34
30
89
57
61
96
51
34
33
3
86
65
45
96
51
6
20
3
62
41
83
91
56
59
72
65
74
77
51
12
75
45
49
40
48
99
70
24
69
81
82
4
83
62
78
28
78
14
18
25
16
41
9
48
64
97
29
39
16
17
5
92
95
77
29
30
33
76
96
86
62
2
69
50
20
53
82
23
30
40
24
10
13
37
77
67
84
39
50
4
46
52
81
50
43
83
12
74
43
82
61
56
41
15
95
36
64
99
2
20
93
2
16
31
19
69
67
18
56
63
92
62
30
43
52
85
20
96
24
15
64
1
10
20
6
77
60
8
99
77
18
13
58
70
54
39
22
16
82
86
39
34
72
49
79
17
16
37
92
88
83
5
98
92
70
15
84
30
61
98
66
40
43
40
70
29
46
66
10
83
17
78
47
65
53
86
72
87
48
65
63
87
19
62
77
34
8
61
20
76
34
4
93
16
21
83
87
59
89
87
90
74
82
94
19
91
54
26
12
85
81
22
34
82
69
4
97
53
80
89
85
88
38
71
97
31
15
13
94
65
24
12
81
75
44
38
68
52
93
67
68
39
11
50
22
31
92
17
92
58
60
63
8
14
79
92
51
20
13
35
47
51
29
89
30
98
25
89
100
1
69
83
47
35
92
3
59
68
40
90
98
29
99
40
1
3
43
72
13
94
64
65
6
28
47
50
100
95
2
89
66
4
91
66
87
8
83
10
91
16
89
91
3
49
59
48
64
74
65
5
100
38
87
43
88
22
14
44
48
16
36
42
31
46
15
21
1
78
48
57
26
96
71
20
88
27
12
51
80
16
75
74
55
39
75
97
65
77
96
39
31
32
57
48
87
93
95
1
68
74
80
23
15
45
75
37
76
98
85
70
83
3
88
12
2
46
56
5
50
98
42
32
64
61
50
29
67
10
44
72
29
19
19
72
43
31
76
11
39
50
43
67
29
1
55
93
69
76
11
23
65
92
36
39
84
89
90
35
70
7
53
57
84
3
76
62
100
34
29
26
18
30
35
35
47
79
20
53
45
45
85
7
1
2
12
9
22
91
31
99
58
69
61
83
53
28
74
7
93
68
18
67
41
83
96
91
50
91
21
55
98
24
39
63
31
84
75
66
49
83
7
44
44
25
45
66
60
75
28
20
8
44
71
93
34
27
33
78
9
4
19
1
92
45
37
40
91
57
7
82
50
18
18
9
89
25
90
74
93
66
23
93
43
60
83
26
58
46
92
35
43
71
58
100
87
97
1
26
54
80
54
29
1
15
65
26
87
99
46
82
95
59
15
97
44
53
91
14
25
38
96
57
42
97
60
52
28
16
100
16
22
30
60
31
34
14
49
75
16
68
30
47
54
100
24
36
50
39
52
14
82
88
94
28
64
25
87
2
10
98
24
76
36
5
57
83
3
11
92
54
18
76
50
100
73
25
40
91
83
99
96
33
8
15
83
13
2
98
14
36
45
6
76
7
78
68
29
37
69
75
70
46
71
4
82
70
45
77
76
49
77
48
49
3
66
82
80
1
33
26
32
79
61
3
75
5
2
6
34
89
67
54
65
28
45
89
49
98
94
98
34
10
17
95
10
52
36
81
81
79
15
18
68
28
88
69
62
100
59
16
1
31
31
38
71
6
42
30
74
33
20
31
72
38
20
79
43
97
37
78
51
77
92
89
94
67
93
56
93
49
26
7
24
99
3
10
6
74
91
28
28
27
35
6
62
12
76
76
87
17
47
4
26
46
96
64
26
35
59
11
93
47
88
38
32
77
70
1
65
29
73
39
18
75
53
20
24
22
95
73
48
71
42
18
42
63
33
37
28
38
88
59
69
56
99
28
89
19
24
51
17
51
23
96
82
29
81
82
19
56
62
97
40
13
27
67
18
1
65
34
9
51
29
37
27
73
25
96
32
22
79
61
22
14
34
63
53
23
12
12
75
52
57
7
75
17
43
74
71
99
69
28
11
81
18
77
73
90
27
33
99
28
83
76
37
39
21
20
100
54
100
78
25
58
37
77
90
52
4
72
15
82
72
66
90
39
79
44
86
97
91
40
3
42
54
45
64
25
45
42
35
77
46
79
65
26
73
80
34
47
12
27
20
8
33
18
57
95
55
7
78
81
84
86
77
13
40
4
76
91
26
38
15
27
96
2
18
30
17
72
41
68
15
16
76
71
6
4
30
63
60
67
93
3
17
46
91
95
26
33
47
36
58
35
83
70
48
28
40
47
95
73
60
62
63
11
22
64
85
5
65
45
49
32
59
46
44
19
26
11
98
23
53
52
37
33
50
48
76
100
67
45
57
16
8
14
1
9
52
19
53
11
93
62
98
56
17
23
66
96
73
57
23
70
50
60
40
61
45
76
88
98
79
78
95
12
69
15
1
51
92
5
61
18
49
65
99
73
100
45
26
39
22
24
99
11
67
8
25
49
98
52
27
78
10
78
99
23
9
39
96
27
66
58
38
40
4
21
78
20
30
54
17
76
80
48
52
59
46
31
26
44
49
81
52
7
79
85
5
93
28
96
14
93
39
66
63
100
19
52
3
99
11
39
62
98
78
78
60
94
89
91
50
33
9
85
38
74
50
24
78
58
93
25
38
67
44
91
13
57
28
42
95
5
43
72
59
82
67
6
34
85
72
95
27
61
96
55
47
72
89
93
46
49
69
16
21
57
64
72
19
94
85
86
73
59
71
78
59
60
65
39
83
7
81
24
96
23
91
45
28
64
7
85
29
36
64
16
51
86
93
70
37
58
9
85
27
41
92
40
49
13
93
52
22
64
75
62
7
11
45
28
46
34
100
43
60
74
12
48
19
13
51
73
57
95
52
68
15
17
81
85
91
32
43
75
74
41
80
20
36
100
48
28
58
86
61
17
83
47
58
61
70
21
36
19
11
64
52
38
32
42
44
2
54
17
36
62
42
78
55
74
53
86
13
21
10
5
81
50
69
8
10
68
53
27
53
1
37
22
83
82
85
48
89
10
1
73
87
95
40
44
10
73
95
75
79
66
75
22
35
23
54
95
74
98
38
65
70
75
21
62
14
12
7
76
11
49
18
64
99
21
20
71
87
88
37
2
93
86
27
30
38
72
66
71
5
57
72
23
61
29
100
15
96
28
91
86
35
35
39
75
57
40
26
5
92
17
96
4
40
12
42
73
98
15
68
79
20
76
62
9
98
29
66
16
84
14
16
37
99
84
92
3
34
86
40
60
21
8
100
21
79
3
66
47
6
47
48
51
59
28
15
17
70
42
68
59
15
43
51
46
58
65
32
77
81
79
64
12
92
83
34
12
44
97
7
91
8
71
15
50
96
10
18
23
35
3
41
78
74
28
20
4
11
87
65
94
51
89
31
3
85
19
34
20
50
52
92
100
93
89
83
42
86
28
15
74
57
51
66
56
13
5
27
9
4
74
12
34
97
49
60
29
59
84
91
65
51
63
51
46
25
48
12
83
77
16
44
64
56
25
78
6
50
95
55
24
59
81
36
69
86
25
45
99
89
19
25
3
68
96
18
48
21
79
92
26
31
81
18
64
85
92
37
63
78
46
53
84
65
35
46
5
4
41
87
48
90
82
93
89
9
36
80
95
97
26
17
16
61
82
67
32
100
89
88
14
1
84
32
93
40
39
36
22
20
59
78
16
15
70
23
86
32
18
78
39
37
6
17
44
79
70
48
46
89
96
67
49
24
31
80
33
24
42
10
78
55
83
40
90
14
52
29
92
75
67
19
99
98
29
54
23
49
82
30
82
97
50
90
24
64
57
80
17
25
63
36
97
30
22
50
10
99
58
31
30
100
12
59
35
39
57
97
17
92
9
100
100
31
74
87
37
34
45
37
22
76
40
94
97
72
10
14
41
88
33
98
31
46
24
33
42
67
83
78
88
72
78
11
24
22
68
5
2
16
98
48
68
19
18
69
99
49
57
6
69
7
19
44
58
41
48
17
31
79
31
37
89
58
21
69
89
33
3
13
83
17
10
98
72
27
94
92
45
59
8
12
95
32
2
16
48
94
87
82
83
39
38
89
8
98
30
1
78
24
54
1
72
68
17
95
33
53
86
64
13
24
90
87
73
9
17
29
53
87
54
38
92
95
32
46
15
23
9
49
75
36
20
23
52
4
48
16
15
83
98
21
79
21
44
42
2
91
24
38
7
87
28
73
26
33
74
84
48
20
56
88
44
81
27
47
28
76
30
4
27
48
17
73
20
76
42
30
15
96
87
17
29
68
13
44
77
24
84
75
33
8
65
24
33
38
54
45
5
36
7
1
32
4
46
82
64
16
3
74
83
28
84
95
38
93
59
44
35
36
77
31
25
29
52
57
21
13
17
14
44
73
44
38
4
64
9
86
63
38
25
89
51
9
7
6
91
32
56
14
22
69
7
85
81
24
16
30
34
97
54
72