76
85
90
72
68
80
33
35
61
43
13
61
14
32
75
69
62
91
85
36
67
30
54
62
84
32
83
74
100
17
55
90
53
28
79
28
54
78
29
85
36
66
6
5
63
78
57
34
99
6
93
77
46
45
99
92
39
28
87
88
91
98
59
53
90
46
28
60
74
74
99
40
76
98
48
23
56
80
65
89
13
38
40
88
38
96
72
83
76
31
50
47
18
65
36
12
23
51
90
34
65
18
22
56
80
63
53
48
9
63
28
85
76
15
74
55
15
50
82
38
82
21
65
61
80
96
67
49
45
65
43
43
11
30
77
16
37
2
11
21
91
100
25
70
81
36
37
48
86
3
2
19
97
7
21
33
39
90
97
1
86
75
97
32
78
97
42
89
63
41
37
33
70
91
100
17
87
64
89
16
55
46
17
60
85
98
43
60
24
78
80
9
55
25
70
68
100
44
79
65
77
81
52
5
81
63
40
74
34
68
17
82
2
98
49
2
98
95
83
17
49
49
100
55
37
67
90
30
31
68
77
95
88
5
8
74
39
18
59
4
49
75
44
95
21
22
32
61
17
37
66
73
97
27
25
34
36
71
29
15
39
39
51
59
11
55
60
37
19
82
41
55
12
40
29
26
51
46
64
87
7
82
46
13
20
35
45
77
8
38
86
7
44
99
6
43
64
25
18
2
17
95
92
38
26
58
19
3
80
80
92
21
58
91
67
82
41
93
15
30
3
36
67
51
79
80
42
22
57
64
14
51
29
74
58
15
75
94
75
5
13
43
12
79
15
96
74
72
96
67
55
67
54
90
18
21
10
20
32
98
63
54
37
36
5
26
5
2
87
89
58
19
44
51
10
48
51
65
77
83
24
33
81
41
55
33
98
67
11
18
73
3
19
34
30
66
55
97
4
86
74
1
76
43
49
23
80
30
22
16
56
32
10
75
90
64
1
31
65
52
36
12
30
54
92
21
64
10
79
38
63
87
47
86
62
49
80
49
25
61
37
22
5
28
94
80
82
80
60
37
22
82
37
65
35
62
31
78
100
96
51
42
23
27
76
59
79
68
31
10
14
64
70
40
91
42
69
85
39
23
92
68
19
59
90
10
67
71
78
20
91
83
13
87
34
2
3
64
3
85
92
4
38
51
26
15
82
38
62
98
65
98
3
5
29
89
53
81
100
45
11
89
2
13
40
41
28
71
30
78
25
11
7
44
37
7
89
94
69
25
31
66
96
43
55
23
92
20
47
5
85
12
34
56
54
59
27
54
29
31
90
20
8
85
58
46
61
8
86
90
35
12
95
45
66
6
2
42
35
10
85
26
86
69
39
14
50
41
11
40
69
52
48
59
99
19
86
85
81
11
85
94
50
72
46
9
17
64
4
19
24
96
61
78
74
45
66
38
4
96
61
12
10
92
17
88
12
33
64
85
28
6
24
34
16
94
43
59
76
6
79
87
18
31
52
93
30
69
25
67
94
26
9
5
55
55
88
84
33
99
24
42
16
71
20
61
89
43
50
17
5
99
53
56
79
12
93
20
11
40
4
67
43
84
37
24
64
56
17
22
52
65
77
14
88
67
65
42
98
74
49
23
90
92
84
21
81
45
67
4
28
36
89
34
99
85
48
19
78
61
20
72
79
83
66
61
7
53
97
2
14
72
14
18
49
89
48
92
18
98
14
11
58
34
15
37
31
10
25
82
89
2
14
68
81
57
37
97
64
83
85
55
30
79
86
48
77
88
35
77
41
74
82
15
74
67
24
33
62
53
97
19
87
91
39
78
22
87
81
14
13
69
19
58
11
67
18
3
41
91
63
33
64
48
43
42
30
21
36
3
77
6
43
11
72
3
77
88
72
34
82
31
3
19
8
28
83
39
53
40
71
76
40
42
8
81
88
96
6
42
98
21
62
58
42
79
78
52
64
44
94
48
89
60
65
74
32
70
4
99
62
68
65
71
11
87
10
68
92
65
90
36
1
93
33
94
13
80
81
68
15
84
62
89
11
33
7
23
26
85
65
39
49
69
16
19
75
64
4
61
22
61
45
87
12
63
99
94
97
89
39
15
16
36
76
78
67
28
54
87
13
87
82
47
44
25
61
13
38
34
3
25
73
23
89
54
10
72
23
49
42
87
14
18
70
71
76
9
56
43
43
35
84
77
23
51
81
82
12
52
85
52
99
97
84
58
20
86
66
25
20
71
81
52
24
62
79
19
89
13
77
5
34
35
1
58
91
7
12
11
59
23
28
73
12
20
12
74
89
5
96
53
28
66
41
3
94
2
51
48
24
35
57
89
3
43
77
23
5
19
5
28
86
38
61
23
43
5
48
12
32
86
94
45
51
33
76
81
8
53
79
36
25
48
58
34
59
27
45
14
39
4
5
79
75
78
10
91
40
98
55
41
40
75
8
91
4
91
97
13
11
5
91
45
9
70
52
34
45
10
88
94
29
42
84
72
55
51
18
51
6
56
28
86
70
7
40
76
6
61
35
36
9
31
30
26
25
68
66
12
22
35
30
48
59
42
5
51
16
28
66
91
48
36
77
62
98
7
78
8
84
24
86
8
44
78
34
17
63
19
46
75
40
32
19
19
19
73
4
71
28
19
30
17
11
12
23
84
39
93
60
75
52
57
46
6
43
28
16
72
46
19
66
61
29
21
74
42
19
43
96
44
30
44
10
8
67
2
93
25
36
44
84
29
80
96
31
97
79
99
52
3
12
67
75
7
77
9
59
5
67
2
99
8
87
87
48
27
91
42
31
28
47
39
20
50
76
2
43
85
7
39
98
94
65
98
40
18
45
18
12
76
7
59
53
73
21
23
33
27
75
23
36
89
77
73
29
81
81
68
100
54
85
79
83
30
29
23
38
36
11
58
62
23
60
17
71
12
82
48
32
97
5
36
64
73
1
71
54
43
20
41
42
79
26
95
11
91
19
23
97
7
64
93
81
1
92
70
94
37
6
49
18
55
59
60
75
19
11
75
78
88
11
71
94
32
17
37
1
2
90
73
22
49
87
66
12
34
27
46
70
8
5
76
52
62
34
45
80
9
83
72
51
35
40
9
35
28
90
100
19
57
27
19
75
36
18
16
49
46
64
46
13
24
74
72
79
2
60
25
67
61
65
33
89
40
18
18
84
30
60
11
22
9
43
24
39
30
88
39
93
43
69
70
1
31
43
51
98
35
2
79
96
94
22
71
43
84
99
9
36
62
21
34
90
10
4
97
83
70
16
16
60
56
6
77
61
94
47
58
22
78
75
12
33
85
60
34
32
47
72
29
14
94
6
71
46
48
24
57
66
90
21
27
77
28
99
82
71
25
67
62
87
24
75
94
77
1
67
49
41
38
47
100
33
16
85
4
51
44
15
53
15
71
63
65
17
10
41
13